#1-Q [GeV] 2-qT[GeV] 3--dN/dqTdQdY [GeV-2] 4--dN_{PreEq}/dqTdQdY [GeV-2] 5--dN_{Hydro}/dqTdQdY [GeV-2]
1 1 0.000713269 0.000209661 0.000503607
1 1.44444 0.000236209 0.000111569 0.00012464
1 1.88889 7.0467e-05 4.59077e-05 2.45593e-05
1 2.33333 2.14934e-05 1.70739e-05 4.41952e-06
1 2.77778 6.96956e-06 6.20012e-06 7.69438e-07
1 3.22222 2.39312e-06 2.26087e-06 1.32256e-07
1 3.66667 8.61093e-07 8.38907e-07 2.21858e-08
1 4.11111 3.23843e-07 3.20101e-07 3.74184e-09
1 4.55556 1.28203e-07 1.27574e-07 6.29638e-10
1 5 5.15918e-08 5.14873e-08 1.04535e-10
1.44444 1 0.000138082 6.40906e-05 7.39915e-05
1.44444 1.44444 7.46928e-05 4.50855e-05 2.96073e-05
1.44444 1.88889 3.11401e-05 2.29754e-05 8.16464e-06
1.44444 2.33333 1.19792e-05 1.0104e-05 1.87519e-06
1.44444 2.77778 4.49591e-06 4.10796e-06 3.87948e-07
1.44444 3.22222 1.72698e-06 1.65193e-06 7.50427e-08
1.44444 3.66667 6.75822e-07 6.61748e-07 1.4074e-08
1.44444 4.11111 2.73836e-07 2.71275e-07 2.56062e-09
1.44444 4.55556 1.12535e-07 1.12075e-07 4.60384e-10
1.44444 5 4.74347e-08 4.73536e-08 8.11498e-11
1.88889 1 2.654e-05 1.70393e-05 9.50064e-06
1.88889 1.44444 2.02997e-05 1.48928e-05 5.40688e-06
1.88889 1.88889 1.12066e-05 9.22125e-06 1.9854e-06
1.88889 2.33333 5.33039e-06 4.75915e-06 5.71238e-07
1.88889 2.77778 2.3656e-06 2.22386e-06 1.41741e-07
1.88889 3.22222 1.01362e-06 9.82005e-07 3.16165e-08
1.88889 3.66667 4.39967e-07 4.33315e-07 6.65213e-09
1.88889 4.11111 1.88373e-07 1.87044e-07 1.32889e-09
1.88889 4.55556 8.15451e-08 8.12867e-08 2.58427e-10
1.88889 5 3.64899e-08 3.64412e-08 4.87137e-11
2.33333 1 5.65286e-06 4.4538e-06 1.19906e-06
2.33333 1.44444 5.43242e-06 4.5669e-06 8.65525e-07
2.33333 1.88889 3.76682e-06 3.36477e-06 4.02051e-07
2.33333 2.33333 2.13102e-06 1.98741e-06 1.43616e-07
2.33333 2.77778 1.09995e-06 1.05804e-06 4.19109e-08
2.33333 3.22222 5.31092e-07 5.20333e-07 1.07587e-08
2.33333 3.66667 2.50522e-07 2.47988e-07 2.53363e-09
2.33333 4.11111 1.16581e-07 1.16021e-07 5.59251e-10
2.33333 4.55556 5.399e-08 5.38726e-08 1.1742e-10
2.33333 5 2.498e-08 2.49561e-08 2.38871e-11
2.77778 1 1.3445e-06 1.19011e-06 1.54385e-07
2.77778 1.44444 1.52654e-06 1.39421e-06 1.32327e-07
2.77778 1.88889 1.24102e-06 1.16749e-06 7.35238e-08
2.77778 2.33333 8.1557e-07 7.84504e-07 3.10659e-08
2.77778 2.77778 4.77844e-07 4.6731e-07 1.05342e-08
2.77778 3.22222 2.58208e-07 2.55087e-07 3.12052e-09
2.77778 3.66667 1.3321e-07 1.32383e-07 8.27043e-10
2.77778 4.11111 6.62719e-08 6.60702e-08 2.01669e-10
2.77778 4.55556 3.29692e-08 3.2923e-08 4.62071e-11
2.77778 5 1.5959e-08 1.59491e-08 9.95059e-12
3.22222 1 3.51458e-07 3.31269e-07 2.01891e-08
3.22222 1.44444 4.49125e-07 4.29258e-07 1.98671e-08
3.22222 1.88889 4.12264e-07 3.99607e-07 1.26572e-08
3.22222 2.33333 3.06772e-07 3.0063e-07 6.142e-09
3.22222 2.77778 2.02314e-07 1.99901e-07 2.41341e-09
3.22222 3.22222 1.19248e-07 1.18447e-07 8.01475e-10
3.22222 3.66667 6.70194e-08 6.67831e-08 2.36251e-10
3.22222 4.11111 3.61962e-08 3.6133e-08 6.31179e-11
3.22222 4.55556 1.86428e-08 1.86267e-08 1.6051e-11
3.22222 5 9.84736e-09 9.84361e-09 3.74688e-12
3.66667 1 1.00707e-07 9.79573e-08 2.74923e-09
3.66667 1.44444 1.38704e-07 1.35767e-07 2.93701e-09
3.66667 1.88889 1.40131e-07 1.38014e-07 2.11644e-09
3.66667 2.33333 1.16234e-07 1.15086e-07 1.14868e-09
3.66667 2.77778 8.30456e-08 8.25362e-08 5.09398e-10
3.66667 3.22222 5.38885e-08 5.36985e-08 1.90066e-10
3.66667 3.66667 3.2525e-08 3.24627e-08 6.23325e-11
3.66667 4.11111 1.87551e-08 1.87368e-08 1.82562e-11
3.66667 4.55556 1.03572e-08 1.03522e-08 4.9756e-12
3.66667 5 5.69904e-09 5.69777e-09 1.27291e-12
4.11111 1 3.07595e-08 3.03852e-08 3.74225e-10
4.11111 1.44444 4.52382e-08 4.47989e-08 4.39278e-10
4.11111 1.88889 4.88179e-08 4.84715e-08 3.46447e-10
4.11111 2.33333 4.42646e-08 4.40566e-08 2.08057e-10
4.11111 2.77778 3.37823e-08 3.36793e-08 1.0308e-10
4.11111 3.22222 2.34944e-08 2.34529e-08 4.15255e-11
4.11111 3.66667 1.53522e-08 1.53372e-08 1.49909e-11
4.11111 4.11111 9.43301e-09 9.42815e-09 4.8571e-12
4.11111 4.55556 5.54446e-09 5.54301e-09 1.44718e-12
4.11111 5 3.17446e-09 3.17407e-09 3.91871e-13
4.55556 1 9.97449e-09 9.92129e-09 5.3201e-11
4.55556 1.44444 1.5354e-08 1.52897e-08 6.4359e-11
4.55556 1.88889 1.77111e-08 1.76559e-08 5.51336e-11
4.55556 2.33333 1.67269e-08 1.66906e-08 3.62746e-11
4.55556 2.77778 1.43087e-08 1.42896e-08 1.91365e-11
4.55556 3.22222 1.04551e-08 1.04463e-08 8.76815e-12
4.55556 3.66667 7.28332e-09 7.27991e-09 3.41486e-12
4.55556 4.11111 4.6594e-09 4.65821e-09 1.19783e-12
4.55556 4.55556 2.90329e-09 2.90292e-09 3.7491e-13
4.55556 5 1.72419e-09 1.72408e-09 1.1316e-13
5 1 3.4656e-09 3.45807e-09 7.53077e-12
5 1.44444 5.43365e-09 5.42383e-09 9.81927e-12
5 1.88889 6.63941e-09 6.6307e-09 8.71385e-12
5 2.33333 6.72764e-09 6.72146e-09 6.18036e-12
5 2.77778 5.74591e-09 5.74237e-09 3.54482e-12
5 3.22222 4.57606e-09 4.57433e-09 1.72701e-12
5 3.66667 3.3223e-09 3.32157e-09 7.30272e-13
5 4.11111 2.32702e-09 2.32675e-09 2.75787e-13
5 4.55556 1.46732e-09 1.46722e-09 9.56081e-14
5 5 9.17236e-10 9.17206e-10 2.97473e-14

1 0.000420866

1.44444 0.000105291

1.88889 2.70009e-05

2.33333 7.62409e-06

2.77778 2.36483e-06

3.22222 7.89155e-07

3.66667 2.80018e-07

4.11111 1.03944e-07

4.55556 4.04402e-08

5 1.62489e-08
