#1-Q [GeV] 2-qT[GeV] 3--dN/dqTdQdY [GeV-2] 4--dN_{PreEq}/dqTdQdY [GeV-2] 5--dN_{Hydro}/dqTdQdY [GeV-2]
1 1 0.00123214 0.000282737 0.000949404
1 1.44444 0.000425857 0.000164665 0.000261192
1 1.88889 0.000132905 7.48499e-05 5.80556e-05
1 2.33333 4.25214e-05 3.05378e-05 1.19836e-05
1 2.77778 1.43279e-05 1.19309e-05 2.39704e-06
1 3.22222 5.11829e-06 4.64202e-06 4.76268e-07
1 3.66667 1.93401e-06 1.84001e-06 9.39912e-08
1 4.11111 7.63518e-07 7.45099e-07 1.84193e-08
1 4.55556 3.16112e-07 3.12507e-07 3.60489e-09
1 5 1.33196e-07 1.32486e-07 7.10205e-10
1.44444 1 0.000253832 9.62769e-05 0.000157555
1.44444 1.44444 0.000142254 7.30353e-05 6.92189e-05
1.44444 1.88889 6.15323e-05 4.02062e-05 2.13261e-05
1.44444 2.33333 2.44902e-05 1.89638e-05 5.52633e-06
1.44444 2.77778 9.64668e-06 8.34079e-06 1.30589e-06
1.44444 3.22222 3.84956e-06 3.55578e-06 2.93777e-07
1.44444 3.66667 1.58946e-06 1.52601e-06 6.34465e-08
1.44444 4.11111 6.59767e-07 6.46351e-07 1.34152e-08
1.44444 4.55556 2.85864e-07 2.83035e-07 2.82827e-09
1.44444 5 1.2663e-07 1.26048e-07 5.82375e-10
1.88889 1 5.17253e-05 2.85046e-05 2.32208e-05
1.88889 1.44444 4.05474e-05 2.63872e-05 1.41602e-05
1.88889 1.88889 2.31404e-05 1.73427e-05 5.79776e-06
1.88889 2.33333 1.14295e-05 9.55528e-06 1.87423e-06
1.88889 2.77778 5.21268e-06 4.68967e-06 5.23011e-07
1.88889 3.22222 2.3516e-06 2.21671e-06 1.34892e-07
1.88889 3.66667 1.05434e-06 1.02196e-06 3.23773e-08
1.88889 4.11111 4.74783e-07 4.6732e-07 7.46253e-09
1.88889 4.55556 2.16382e-07 2.14703e-07 1.6791e-09
1.88889 5 9.94622e-08 9.90902e-08 3.71995e-10
2.33333 1 1.15683e-05 8.19488e-06 3.37345e-06
2.33333 1.44444 1.13682e-05 8.76805e-06 2.60011e-06
2.33333 1.88889 8.05739e-06 6.72547e-06 1.33192e-06
2.33333 2.33333 4.73663e-06 4.21423e-06 5.22399e-07
2.33333 2.77778 2.51977e-06 2.34773e-06 1.72041e-07
2.33333 3.22222 1.26772e-06 1.2177e-06 5.00208e-08
2.33333 3.66667 6.18905e-07 6.05411e-07 1.34943e-08
2.33333 4.11111 3.01905e-07 2.98498e-07 3.40654e-09
2.33333 4.55556 1.44666e-07 1.43835e-07 8.30943e-10
2.33333 5 7.02224e-08 7.00294e-08 1.93041e-10
2.77778 1 2.87906e-06 2.37667e-06 5.02392e-07
2.77778 1.44444 3.31628e-06 2.85995e-06 4.5633e-07
2.77778 1.88889 2.76631e-06 2.48787e-06 2.78445e-07
2.77778 2.33333 1.881e-06 1.75402e-06 1.26976e-07
2.77778 2.77778 1.13429e-06 1.08567e-06 4.86223e-08
2.77778 3.22222 6.35895e-07 6.19831e-07 1.60642e-08
2.77778 3.66667 3.40515e-07 3.35681e-07 4.83368e-09
2.77778 4.11111 1.77711e-07 1.76371e-07 1.33982e-09
2.77778 4.55556 9.0013e-08 8.96592e-08 3.53768e-10
2.77778 5 4.60184e-08 4.59293e-08 8.90925e-11
3.22222 1 7.9141e-07 7.14988e-07 7.6422e-08
3.22222 1.44444 1.01533e-06 9.36419e-07 7.89068e-08
3.22222 1.88889 9.53279e-07 8.98435e-07 5.48441e-08
3.22222 2.33333 7.35331e-07 7.06395e-07 2.89366e-08
3.22222 2.77778 4.94846e-07 4.82453e-07 1.23931e-08
3.22222 3.22222 3.0596e-07 3.01322e-07 4.63844e-09
3.22222 3.66667 1.76426e-07 1.74868e-07 1.55768e-09
3.22222 4.11111 9.94638e-08 9.89896e-08 4.74246e-10
3.22222 4.55556 5.35699e-08 5.34364e-08 1.33514e-10
3.22222 5 2.87292e-08 2.86932e-08 3.59259e-11
3.66667 1 2.34651e-07 2.22594e-07 1.20567e-08
3.66667 1.44444 3.29895e-07 3.16335e-07 1.35605e-08
3.66667 1.88889 3.3998e-07 3.29447e-07 1.05333e-08
3.66667 2.33333 2.87409e-07 2.81238e-07 6.17181e-09
3.66667 2.77778 2.15308e-07 2.12302e-07 3.00553e-09
3.66667 3.22222 1.43109e-07 1.41864e-07 1.24479e-09
3.66667 3.66667 9.01852e-08 8.97346e-08 4.50598e-10
3.66667 4.11111 5.30096e-08 5.28581e-08 1.51453e-10
3.66667 4.55556 3.03719e-08 3.03252e-08 4.67219e-11
3.66667 5 1.72528e-08 1.72393e-08 1.34506e-11
4.11111 1 7.56024e-08 7.36742e-08 1.92814e-09
4.11111 1.44444 1.1242e-07 1.10052e-07 2.36789e-09
4.11111 1.88889 1.25312e-07 1.23334e-07 1.97838e-09
4.11111 2.33333 1.14223e-07 1.1294e-07 1.28261e-09
4.11111 2.77778 9.05818e-08 8.99043e-08 6.77548e-10
4.11111 3.22222 6.55724e-08 6.52666e-08 3.05874e-10
4.11111 3.66667 4.35561e-08 4.34331e-08 1.22972e-10
4.11111 4.11111 2.76123e-08 2.75676e-08 4.47029e-11
4.11111 4.55556 1.69635e-08 1.69488e-08 1.46938e-11
4.11111 5 1.00198e-08 1.00152e-08 4.61957e-12
4.55556 1 2.57252e-08 2.54056e-08 3.19651e-10
4.55556 1.44444 3.97348e-08 3.93284e-08 4.06494e-10
4.55556 1.88889 4.69803e-08 4.66122e-08 3.68141e-10
4.55556 2.33333 4.60662e-08 4.58089e-08 2.57327e-10
4.55556 2.77778 3.86168e-08 3.84685e-08 1.4828e-10
4.55556 3.22222 2.98775e-08 2.98045e-08 7.30727e-11
4.55556 3.66667 2.10464e-08 2.10144e-08 3.19782e-11
4.55556 4.11111 1.43554e-08 1.43431e-08 1.23416e-11
4.55556 4.55556 8.9251e-09 8.92064e-09 4.4614e-12
4.55556 5 5.6505e-09 5.64902e-09 1.4767e-12
5 1 9.28751e-09 9.23425e-09 5.32545e-11
5 1.44444 1.51289e-08 1.50568e-08 7.21552e-11
5 1.88889 1.82001e-08 1.81323e-08 6.77849e-11
5 2.33333 1.88961e-08 1.88452e-08 5.08951e-11
5 2.77778 1.6836e-08 1.68048e-08 3.11897e-11
5 3.22222 1.3662e-08 1.36454e-08 1.66489e-11
5 3.66667 1.02455e-08 1.02376e-08 7.83841e-12
5 4.11111 7.24105e-09 7.23779e-09 3.25484e-12
5 4.55556 4.78439e-09 4.78313e-09 1.25196e-12
5 5 3.10733e-09 3.10688e-09 4.45858e-13

1 0.000742407

1.44444 0.000199307

1.88889 5.45008e-05

2.33333 1.62615e-05

2.77778 5.30684e-06

3.22222 1.86174e-06

3.66667 6.96469e-07

4.11111 2.72745e-07

4.55556 1.10791e-07

5 4.69556e-08
