#1-Q [GeV] 2-qT[GeV] 3--dN/dqTdQdY [GeV-2] 4--dN_{PreEq}/dqTdQdY [GeV-2] 5--dN_{Hydro}/dqTdQdY [GeV-2]
1 1 0.00187083 0.000348355 0.00152248
1 1.44444 0.000670202 0.000217669 0.000452533
1 1.88889 0.00021599 0.000106375 0.000109614
1 2.33333 7.10828e-05 4.62009e-05 2.48819e-05
1 2.77778 2.49157e-05 1.9378e-05 5.5377e-06
1 3.22222 9.19273e-06 7.97114e-06 1.22159e-06
1 3.66667 3.57418e-06 3.30597e-06 2.68211e-07
1 4.11111 1.46152e-06 1.40252e-06 5.89989e-08
1 4.55556 6.20059e-07 6.07055e-07 1.30042e-08
1 5 2.72711e-07 2.69842e-07 2.86839e-09
1.44444 1 0.000406777 0.000129122 0.000277655
1.44444 1.44444 0.000232469 0.000102596 0.000129873
1.44444 1.88889 0.000103886 6.04853e-05 4.34004e-05
1.44444 2.33333 4.25995e-05 3.03338e-05 1.22657e-05
1.44444 2.77778 1.72986e-05 1.41074e-05 3.19122e-06
1.44444 3.22222 7.11263e-06 6.31984e-06 7.92788e-07
1.44444 3.66667 3.00989e-06 2.81882e-06 1.9107e-07
1.44444 4.11111 1.30117e-06 1.25571e-06 4.54578e-08
1.44444 4.55556 5.76621e-07 5.66048e-07 1.05725e-08
1.44444 5 2.62252e-07 2.59806e-07 2.44673e-09
1.88889 1 8.63236e-05 4.13083e-05 4.50153e-05
1.88889 1.44444 6.90708e-05 3.99726e-05 2.90982e-05
1.88889 1.88889 4.04909e-05 2.77091e-05 1.27818e-05
1.88889 2.33333 2.0311e-05 1.58473e-05 4.46368e-06
1.88889 2.77778 9.60332e-06 8.23181e-06 1.37151e-06
1.88889 3.22222 4.45956e-06 4.07276e-06 3.86793e-07
1.88889 3.66667 2.05409e-06 1.95077e-06 1.03324e-07
1.88889 4.11111 9.53691e-07 9.27294e-07 2.63974e-08
1.88889 4.55556 4.48421e-07 4.41748e-07 6.6732e-09
1.88889 5 2.11613e-07 2.09988e-07 1.62434e-09
2.33333 1 1.99415e-05 1.27033e-05 7.23814e-06
2.33333 1.44444 2.0094e-05 1.42026e-05 5.89144e-06
2.33333 1.88889 1.44682e-05 1.12676e-05 3.2006e-06
2.33333 2.33333 8.73044e-06 7.38785e-06 1.3426e-06
2.33333 2.77778 4.76587e-06 4.28302e-06 4.82852e-07
2.33333 3.22222 2.452e-06 2.2978e-06 1.54205e-07
2.33333 3.66667 1.23962e-06 1.19409e-06 4.55304e-08
2.33333 4.11111 6.15954e-07 6.03038e-07 1.29167e-08
2.33333 4.55556 3.0824e-07 3.04775e-07 3.46537e-09
2.33333 5 1.54673e-07 1.5377e-07 9.02959e-10
2.77778 1 5.17139e-06 3.96967e-06 1.20172e-06
2.77778 1.44444 6.05841e-06 4.91077e-06 1.14764e-06
2.77778 1.88889 5.10418e-06 4.36883e-06 7.35344e-07
2.77778 2.33333 3.5666e-06 3.20472e-06 3.61883e-07
2.77778 2.77778 2.18501e-06 2.03622e-06 1.48797e-07
2.77778 3.22222 1.26238e-06 1.20845e-06 5.39266e-08
2.77778 3.66667 6.94101e-07 6.76315e-07 1.77853e-08
2.77778 4.11111 3.71873e-07 3.66422e-07 5.45091e-09
2.77778 4.55556 1.94972e-07 1.93403e-07 1.56956e-09
2.77778 5 1.03224e-07 1.02783e-07 4.41739e-10
3.22222 1 1.46287e-06 1.25872e-06 2.04153e-07
3.22222 1.44444 1.91623e-06 1.69836e-06 2.17874e-07
3.22222 1.88889 1.82505e-06 1.66527e-06 1.59779e-07
3.22222 2.33333 1.4283e-06 1.33865e-06 8.96502e-08
3.22222 2.77778 9.84946e-07 9.43195e-07 4.17508e-08
3.22222 3.22222 6.23167e-07 6.06322e-07 1.68453e-08
3.22222 3.66667 3.68982e-07 3.62861e-07 6.12099e-09
3.22222 4.11111 2.12154e-07 2.10135e-07 2.01872e-09
3.22222 4.55556 1.1914e-07 1.18499e-07 6.4154e-10
3.22222 5 6.58799e-08 6.56889e-08 1.91047e-10
3.66667 1 4.47216e-07 4.1147e-07 3.57459e-08
3.66667 1.44444 6.39283e-07 5.97536e-07 4.17471e-08
3.66667 1.88889 6.69102e-07 6.35227e-07 3.3875e-08
3.66667 2.33333 5.82532e-07 5.6144e-07 2.10924e-08
3.66667 2.77778 4.33207e-07 4.22266e-07 1.09407e-08
3.66667 3.22222 3.01062e-07 2.96146e-07 4.91585e-09
3.66667 3.66667 1.89295e-07 1.87348e-07 1.94679e-09
3.66667 4.11111 1.17529e-07 1.16821e-07 7.08144e-10
3.66667 4.55556 6.92615e-08 6.90247e-08 2.36816e-10
3.66667 5 4.02812e-08 4.02049e-08 7.63332e-11
4.11111 1 1.49886e-07 1.43491e-07 6.3947e-09
4.11111 1.44444 2.26491e-07 2.18407e-07 8.08426e-09
4.11111 1.88889 2.53418e-07 2.46356e-07 7.06249e-09
4.11111 2.33333 2.33045e-07 2.28152e-07 4.8936e-09
4.11111 2.77778 1.91074e-07 1.88335e-07 2.73939e-09
4.11111 3.22222 1.41606e-07 1.40252e-07 1.35411e-09
4.11111 3.66667 9.76031e-08 9.70208e-08 5.82258e-10
4.11111 4.11111 6.22773e-08 6.20502e-08 2.27105e-10
4.11111 4.55556 3.87135e-08 3.86309e-08 8.25628e-11
4.11111 5 2.37066e-08 2.36785e-08 2.81704e-11
4.55556 1 5.27849e-08 5.15881e-08 1.19685e-09
4.55556 1.44444 8.41167e-08 8.25476e-08 1.56909e-09
4.55556 1.88889 9.89596e-08 9.74847e-08 1.4749e-09
4.55556 2.33333 9.83833e-08 9.7287e-08 1.09628e-09
4.55556 2.77778 8.47073e-08 8.40409e-08 6.6636e-10
4.55556 3.22222 6.52199e-08 6.48705e-08 3.49392e-10
4.55556 3.66667 4.75264e-08 4.7364e-08 1.62373e-10
4.55556 4.11111 3.28651e-08 3.27962e-08 6.8933e-11
4.55556 4.55556 2.16186e-08 2.15919e-08 2.67253e-11
4.55556 5 1.36259e-08 1.36162e-08 9.67681e-12
5 1 1.96118e-08 1.93893e-08 2.22489e-10
5 1.44444 3.22369e-08 3.19267e-08 3.10177e-10
5 1.88889 3.91968e-08 3.88867e-08 3.10121e-10
5 2.33333 4.09015e-08 4.06568e-08 2.44751e-10
5 2.77778 3.73962e-08 3.72397e-08 1.56506e-10
5 3.22222 3.12555e-08 3.11685e-08 8.70556e-11
5 3.66667 2.35524e-08 2.35085e-08 4.38838e-11
5 4.11111 1.70566e-08 1.70366e-08 1.99978e-11
5 4.55556 1.17484e-08 1.17402e-08 8.16379e-12
5 5 7.73262e-09 7.72947e-09 3.14636e-12

1 0.00114726

1.44444 0.000326117

1.88889 9.35708e-05

2.33333 2.91082e-05

2.77778 9.88486e-06

3.22222 3.60269e-06

3.66667 1.39551e-06

4.11111 5.67128e-07

4.55556 2.39923e-07

5 1.04275e-07
