#1-Q [GeV] 2-qT[GeV] 3--dN/dqTdQdY [GeV-2] 4--dN_{PreEq}/dqTdQdY [GeV-2] 5--dN_{Hydro}/dqTdQdY [GeV-2]
1 1 0.00141402 0.000303567 0.00111046
1 1.44444 0.000495251 0.000181739 0.000313512
1 1.88889 0.000155718 8.38434e-05 7.18746e-05
1 2.33333 5.00799e-05 3.4795e-05 1.5285e-05
1 2.77778 1.71394e-05 1.39679e-05 3.1715e-06
1 3.22222 6.22042e-06 5.56872e-06 6.51703e-07
1 3.66667 2.37444e-06 2.24158e-06 1.32861e-07
1 4.11111 9.48776e-07 9.21436e-07 2.73402e-08
1 4.55556 3.93603e-07 3.8804e-07 5.56294e-09
1 5 1.68114e-07 1.66974e-07 1.14009e-09
1.44444 1 0.000297277 0.000106787 0.00019049
1.44444 1.44444 0.000167374 8.19715e-05 8.54021e-05
1.44444 1.88889 7.32024e-05 4.61229e-05 2.70794e-05
1.44444 2.33333 2.95574e-05 2.22994e-05 7.25794e-06
1.44444 2.77778 1.17648e-05 9.99812e-06 1.7667e-06
1.44444 3.22222 4.727e-06 4.31823e-06 4.08768e-07
1.44444 3.66667 1.95659e-06 1.86479e-06 9.17993e-08
1.44444 4.11111 8.26136e-07 8.05745e-07 2.03912e-08
1.44444 4.55556 3.63383e-07 3.58991e-07 4.39276e-09
1.44444 5 1.61832e-07 1.60884e-07 9.47785e-10
1.88889 1 6.13228e-05 3.23351e-05 2.89877e-05
1.88889 1.44444 4.82838e-05 3.02297e-05 1.80541e-05
1.88889 1.88889 2.79878e-05 2.04308e-05 7.55698e-06
1.88889 2.33333 1.38019e-05 1.13038e-05 2.49818e-06
1.88889 2.77778 6.41764e-06 5.69189e-06 7.25757e-07
1.88889 3.22222 2.91735e-06 2.72557e-06 1.91775e-07
1.88889 3.66667 1.32217e-06 1.27444e-06 4.77291e-08
1.88889 4.11111 5.95567e-07 5.84073e-07 1.14938e-08
1.88889 4.55556 2.73485e-07 2.70819e-07 2.66606e-09
1.88889 5 1.28647e-07 1.28045e-07 6.02031e-10
2.33333 1 1.38628e-05 9.48378e-06 4.37901e-06
2.33333 1.44444 1.36937e-05 1.02784e-05 3.4153e-06
2.33333 1.88889 9.76669e-06 7.98646e-06 1.78022e-06
2.33333 2.33333 5.81804e-06 5.10244e-06 7.15602e-07
2.33333 2.77778 3.11035e-06 2.86689e-06 2.43463e-07
2.33333 3.22222 1.57858e-06 1.50597e-06 7.26059e-08
2.33333 3.66667 7.77899e-07 7.57675e-07 2.02246e-08
2.33333 4.11111 3.83708e-07 3.78379e-07 5.32888e-09
2.33333 4.55556 1.8673e-07 1.85403e-07 1.32698e-09
2.33333 5 9.14849e-08 9.11587e-08 3.26251e-10
2.77778 1 3.46348e-06 2.79004e-06 6.73444e-07
2.77778 1.44444 4.04221e-06 3.42091e-06 6.21302e-07
2.77778 1.88889 3.37252e-06 2.98931e-06 3.83211e-07
2.77778 2.33333 2.32167e-06 2.14017e-06 1.81499e-07
2.77778 2.77778 1.42098e-06 1.35034e-06 7.06424e-08
2.77778 3.22222 7.97646e-07 7.73519e-07 2.41267e-08
2.77778 3.66667 4.294e-07 4.21917e-07 7.48289e-09
2.77778 4.11111 2.25243e-07 2.23098e-07 2.14409e-09
2.77778 4.55556 1.1801e-07 1.17423e-07 5.86223e-10
2.77778 5 6.02981e-08 6.0146e-08 1.52014e-10
3.22222 1 9.64556e-07 8.58513e-07 1.06043e-07
3.22222 1.44444 1.24956e-06 1.13859e-06 1.10962e-07
3.22222 1.88889 1.18229e-06 1.10429e-06 7.80074e-08
3.22222 2.33333 9.15036e-07 8.72672e-07 4.23635e-08
3.22222 2.77778 6.22144e-07 6.03522e-07 1.86216e-08
3.22222 3.22222 3.89466e-07 3.82239e-07 7.2267e-09
3.22222 3.66667 2.25598e-07 2.23138e-07 2.46044e-09
3.22222 4.11111 1.27021e-07 1.26246e-07 7.74973e-10
3.22222 4.55556 7.05585e-08 7.03305e-08 2.28027e-10
3.22222 5 3.78495e-08 3.77855e-08 6.39653e-11
3.66667 1 2.93112e-07 2.7572e-07 1.7392e-08
3.66667 1.44444 4.10394e-07 3.90478e-07 1.99164e-08
3.66667 1.88889 4.26148e-07 4.10528e-07 1.56197e-08
3.66667 2.33333 3.64672e-07 3.55228e-07 9.44344e-09
3.66667 2.77778 2.67909e-07 2.63265e-07 4.64434e-09
3.66667 3.22222 1.82979e-07 1.8102e-07 1.95889e-09
3.66667 3.66667 1.15212e-07 1.14468e-07 7.43539e-10
3.66667 4.11111 6.84295e-08 6.81754e-08 2.54107e-10
3.66667 4.55556 3.97857e-08 3.97054e-08 8.02348e-11
3.66667 5 2.29582e-08 2.29339e-08 2.43305e-11
4.11111 1 9.43129e-08 9.14211e-08 2.89181e-09
4.11111 1.44444 1.41557e-07 1.38025e-07 3.53283e-09
4.11111 1.88889 1.59713e-07 1.56654e-07 3.05834e-09
4.11111 2.33333 1.44344e-07 1.42346e-07 1.99814e-09
4.11111 2.77778 1.16148e-07 1.15062e-07 1.08609e-09
4.11111 3.22222 8.39479e-08 8.34449e-08 5.03002e-10
4.11111 3.66667 5.71294e-08 5.69206e-08 2.08775e-10
4.11111 4.11111 3.6392e-08 3.63148e-08 7.71926e-11
4.11111 4.55556 2.22217e-08 2.21956e-08 2.60996e-11
4.11111 5 1.31789e-08 1.31704e-08 8.46849e-12
4.55556 1 3.25603e-08 3.20642e-08 4.9611e-10
4.55556 1.44444 5.11392e-08 5.04939e-08 6.4534e-10
4.55556 1.88889 5.99062e-08 5.93179e-08 5.88295e-10
4.55556 2.33333 5.86018e-08 5.81833e-08 4.18466e-10
4.55556 2.77778 5.03823e-08 5.01367e-08 2.45581e-10
4.55556 3.22222 3.8582e-08 3.84574e-08 1.24589e-10
4.55556 3.66667 2.79916e-08 2.7937e-08 5.4577e-11
4.55556 4.11111 1.87953e-08 1.87733e-08 2.20182e-11
4.55556 4.55556 1.21692e-08 1.21611e-08 8.13346e-12
4.55556 5 7.64126e-09 7.63851e-09 2.7502e-12
5 1 1.19145e-08 1.18282e-08 8.63091e-11
5 1.44444 1.924e-08 1.91237e-08 1.1632e-10
5 1.88889 2.3671e-08 2.35589e-08 1.12078e-10
5 2.33333 2.4621e-08 2.45357e-08 8.52714e-11
5 2.77778 2.23215e-08 2.22682e-08 5.32748e-11
5 3.22222 1.81144e-08 1.8085e-08 2.94332e-11
5 3.66667 1.36294e-08 1.36154e-08 1.404e-11
5 4.11111 9.60268e-09 9.5967e-09 5.98244e-12
5 4.55556 6.46919e-09 6.46684e-09 2.34357e-12
5 5 4.16681e-09 4.16595e-09 8.58245e-13

1 0.000856927

1.44444 0.000234884

1.88889 6.52205e-05

2.33333 1.9708e-05

2.77778 6.50058e-06

3.22222 2.31363e-06

3.66667 8.76639e-07

4.11111 3.47578e-07

4.55556 1.43108e-07

5 6.15002e-08
