#1-Q [GeV] 2-qT[GeV] 3--dN/dqTdQdY [GeV-2] 4--dN_{PreEq}/dqTdQdY [GeV-2] 5--dN_{Hydro}/dqTdQdY [GeV-2]
1 1 0.000856839 0.000232572 0.000624267
1 1.44444 0.000289138 0.000127922 0.000161216
1 1.88889 8.72232e-05 5.42686e-05 3.29546e-05
1 2.33333 2.70132e-05 2.07792e-05 6.23403e-06
1 2.77778 8.88161e-06 7.74937e-06 1.13224e-06
1 3.22222 3.08659e-06 2.88099e-06 2.05609e-07
1 3.66667 1.13459e-06 1.09825e-06 3.63482e-08
1 4.11111 4.32562e-07 4.26067e-07 6.49463e-09
1 4.55556 1.73182e-07 1.72032e-07 1.15034e-09
1 5 7.13305e-08 7.11287e-08 2.01867e-10
1.44444 1 0.000169462 7.37038e-05 9.57585e-05
1.44444 1.44444 9.26213e-05 5.30544e-05 3.95668e-05
1.44444 1.88889 3.93659e-05 2.79274e-05 1.14385e-05
1.44444 2.33333 1.52274e-05 1.25076e-05 2.71981e-06
1.44444 2.77778 5.84427e-06 5.25569e-06 5.88575e-07
1.44444 3.22222 2.27117e-06 2.15089e-06 1.20275e-07
1.44444 3.66667 9.04441e-07 8.80859e-07 2.35821e-08
1.44444 4.11111 3.68467e-07 3.63913e-07 4.55431e-09
1.44444 4.55556 1.54251e-07 1.53386e-07 8.6426e-10
1.44444 5 6.60829e-08 6.59228e-08 1.60115e-10
1.88889 1 3.3225e-05 2.03423e-05 1.28827e-05
1.88889 1.44444 2.5602e-05 1.81019e-05 7.50008e-06
1.88889 1.88889 1.43388e-05 1.14683e-05 2.8705e-06
1.88889 2.33333 6.88664e-06 6.03052e-06 8.56119e-07
1.88889 2.77778 3.11075e-06 2.88915e-06 2.21609e-07
1.88889 3.22222 1.35069e-06 1.29859e-06 5.2097e-08
1.88889 3.66667 5.92756e-07 5.81399e-07 1.13574e-08
1.88889 4.11111 2.58513e-07 2.56111e-07 2.40246e-09
1.88889 4.55556 1.14131e-07 1.13643e-07 4.8835e-10
1.88889 5 5.05334e-08 5.04357e-08 9.77267e-11
2.33333 1 7.17767e-06 5.46715e-06 1.71051e-06
2.33333 1.44444 6.98804e-06 5.72386e-06 1.26419e-06
2.33333 1.88889 4.85311e-06 4.2469e-06 6.06214e-07
2.33333 2.33333 2.78158e-06 2.56086e-06 2.20724e-07
2.33333 2.77778 1.46444e-06 1.39682e-06 6.76228e-08
2.33333 3.22222 7.1145e-07 6.93246e-07 1.82041e-08
2.33333 3.66667 3.40849e-07 3.36368e-07 4.48111e-09
2.33333 4.11111 1.59577e-07 1.58538e-07 1.03876e-09
2.33333 4.55556 7.47339e-08 7.45047e-08 2.29284e-10
2.33333 5 3.54637e-08 3.5415e-08 4.8653e-11
2.77778 1 1.73706e-06 1.50546e-06 2.316e-07
2.77778 1.44444 1.98377e-06 1.78168e-06 2.02094e-07
2.77778 1.88889 1.61689e-06 1.50061e-06 1.16286e-07
2.77778 2.33333 1.08492e-06 1.03461e-06 5.03026e-08
2.77778 2.77778 6.38151e-07 6.20381e-07 1.77703e-08
2.77778 3.22222 3.49569e-07 3.44033e-07 5.536e-09
2.77778 3.66667 1.80817e-07 1.7931e-07 1.50774e-09
2.77778 4.11111 9.19116e-08 9.15268e-08 3.84734e-10
2.77778 4.55556 4.60444e-08 4.5952e-08 9.24212e-11
2.77778 5 2.2747e-08 2.27257e-08 2.12845e-11
3.22222 1 4.6329e-07 4.3124e-07 3.20502e-08
3.22222 1.44444 5.89224e-07 5.57402e-07 3.18216e-08
3.22222 1.88889 5.5015e-07 5.2904e-07 2.11102e-08
3.22222 2.33333 4.13456e-07 4.02966e-07 1.04897e-08
3.22222 2.77778 2.73655e-07 2.69451e-07 4.20381e-09
3.22222 3.22222 1.64091e-07 1.62629e-07 1.46195e-09
3.22222 3.66667 9.2876e-08 9.24233e-08 4.52681e-10
3.22222 4.11111 5.07638e-08 5.06363e-08 1.2751e-10
3.22222 4.55556 2.67428e-08 2.67096e-08 3.31705e-11
3.22222 5 1.39896e-08 1.39815e-08 8.1152e-12
3.66667 1 1.34068e-07 1.29563e-07 4.5047e-09
3.66667 1.44444 1.85755e-07 1.80789e-07 4.96575e-09
3.66667 1.88889 1.91865e-07 1.88178e-07 3.6866e-09
3.66667 2.33333 1.56868e-07 1.548e-07 2.06767e-09
3.66667 2.77778 1.14475e-07 1.13546e-07 9.28532e-10
3.66667 3.22222 7.57848e-08 7.54246e-08 3.6022e-10
3.66667 3.66667 4.54449e-08 4.53227e-08 1.22171e-10
3.66667 4.11111 2.6765e-08 2.67273e-08 3.77412e-11
3.66667 4.55556 1.50409e-08 1.50302e-08 1.06845e-11
3.66667 5 8.24946e-09 8.24661e-09 2.84114e-12
4.11111 1 4.14536e-08 4.07957e-08 6.57905e-10
4.11111 1.44444 6.1308e-08 6.05284e-08 7.79676e-10
4.11111 1.88889 6.80134e-08 6.73816e-08 6.31816e-10
4.11111 2.33333 6.1715e-08 6.13269e-08 3.88121e-10
4.11111 2.77778 4.72467e-08 4.70511e-08 1.95621e-10
4.11111 3.22222 3.38657e-08 3.37832e-08 8.24564e-11
4.11111 3.66667 2.1846e-08 2.1815e-08 3.09444e-11
4.11111 4.11111 1.36568e-08 1.36464e-08 1.04472e-11
4.11111 4.55556 8.09416e-09 8.09095e-09 3.21134e-12
4.11111 5 4.65492e-09 4.654e-09 9.16092e-13
4.55556 1 1.3866e-08 1.3769e-08 9.70445e-11
4.55556 1.44444 2.12177e-08 2.10952e-08 1.22566e-10
4.55556 1.88889 2.45179e-08 2.44124e-08 1.0549e-10
4.55556 2.33333 2.36853e-08 2.36143e-08 7.0988e-11
4.55556 2.77778 1.99173e-08 1.98787e-08 3.8558e-11
4.55556 3.22222 1.52081e-08 1.51903e-08 1.78443e-11
4.55556 3.66667 1.05315e-08 1.05242e-08 7.29509e-12
4.55556 4.11111 6.93587e-09 6.93321e-09 2.66079e-12
4.55556 4.55556 4.28557e-09 4.28468e-09 8.9437e-13
4.55556 5 2.59347e-09 2.59319e-09 2.73214e-13
5 1 4.76046e-09 4.74577e-09 1.46888e-11
5 1.44444 7.61075e-09 7.59139e-09 1.93638e-11
5 1.88889 9.34089e-09 9.32312e-09 1.77702e-11
5 2.33333 9.39293e-09 9.38016e-09 1.27721e-11
5 2.77778 8.41555e-09 8.40797e-09 7.57662e-12
5 3.22222 6.61617e-09 6.61237e-09 3.80172e-12
5 3.66667 4.85144e-09 4.84978e-09 1.65643e-12
5 4.11111 3.36892e-09 3.36826e-09 6.58166e-13
5 4.55556 2.20758e-09 2.20734e-09 2.36101e-13
5 5 1.39314e-09 1.39307e-09 7.52068e-14

1 0.000509597

1.44444 0.000130514

1.88889 3.42119e-05

2.33333 9.83477e-06

2.77778 3.10076e-06

3.22222 1.0553e-06

3.66667 3.81726e-07

4.11111 1.44742e-07

4.55556 5.71035e-08

5 2.31831e-08
