#1-Q [GeV] 2-qT[GeV] 3--dN/dqTdQdY [GeV-2] 4--dN_{PreEq}/dqTdQdY [GeV-2] 5--dN_{Hydro}/dqTdQdY [GeV-2]
1 1 0.00077667 0.000219024 0.000557647
1 1.44444 0.000259262 0.000118556 0.000140706
1 1.88889 7.79572e-05 4.97101e-05 2.82471e-05
1 2.33333 2.39251e-05 1.87233e-05 5.20179e-06
1 2.77778 7.80722e-06 6.87924e-06 9.27973e-07
1 3.22222 2.68968e-06 2.52748e-06 1.62196e-07
1 3.66667 9.74578e-07 9.46475e-07 2.81027e-08
1 4.11111 3.7465e-07 3.69786e-07 4.86407e-09
1 4.55556 1.47523e-07 1.46686e-07 8.37754e-10
1 5 6.01515e-08 6.00075e-08 1.43966e-10
1.44444 1 0.000152427 6.88718e-05 8.35548e-05
1.44444 1.44444 8.27104e-05 4.87239e-05 3.39865e-05
1.44444 1.88889 3.47913e-05 2.52149e-05 9.57634e-06
1.44444 2.33333 1.34028e-05 1.11661e-05 2.23675e-06
1.44444 2.77778 5.11889e-06 4.64735e-06 4.71541e-07
1.44444 3.22222 1.96974e-06 1.87575e-06 9.3988e-08
1.44444 3.66667 7.75818e-07 7.57662e-07 1.81564e-08
1.44444 4.11111 3.1476e-07 3.11373e-07 3.3873e-09
1.44444 4.55556 1.30348e-07 1.29726e-07 6.22169e-10
1.44444 5 5.55127e-08 5.54001e-08 1.12607e-10
1.88889 1 2.9664e-05 1.86909e-05 1.09731e-05
1.88889 1.44444 2.25859e-05 1.62971e-05 6.28873e-06
1.88889 1.88889 1.26111e-05 1.02331e-05 2.37799e-06
1.88889 2.33333 5.98734e-06 5.29262e-06 6.94729e-07
1.88889 2.77778 2.68787e-06 2.51333e-06 1.74543e-07
1.88889 3.22222 1.16143e-06 1.12128e-06 4.01488e-08
1.88889 3.66667 5.0073e-07 4.92204e-07 8.52572e-09
1.88889 4.11111 2.18155e-07 2.16404e-07 1.75179e-09
1.88889 4.55556 9.5617e-08 9.52648e-08 3.5213e-10
1.88889 5 4.26e-08 4.25324e-08 6.75904e-11
2.33333 1 6.32603e-06 4.90069e-06 1.42534e-06
2.33333 1.44444 6.13267e-06 5.0977e-06 1.03497e-06
2.33333 1.88889 4.23683e-06 3.74772e-06 4.89109e-07
2.33333 2.33333 2.42774e-06 2.25168e-06 1.76057e-07
2.33333 2.77778 1.25176e-06 1.19948e-06 5.22746e-08
2.33333 3.22222 6.15972e-07 6.02215e-07 1.37562e-08
2.33333 3.66667 2.88806e-07 2.85473e-07 3.3328e-09
2.33333 4.11111 1.35802e-07 1.35047e-07 7.54423e-10
2.33333 4.55556 6.31191e-08 6.29575e-08 1.61613e-10
2.33333 5 2.96032e-08 2.95694e-08 3.37618e-11
2.77778 1 1.50284e-06 1.3167e-06 1.86139e-07
2.77778 1.44444 1.72306e-06 1.56044e-06 1.62616e-07
2.77778 1.88889 1.40711e-06 1.31516e-06 9.19428e-08
2.77778 2.33333 9.41288e-07 9.02271e-07 3.90165e-08
2.77778 2.77778 5.50781e-07 5.37212e-07 1.35689e-08
2.77778 3.22222 2.98674e-07 2.94585e-07 4.08881e-09
2.77778 3.66667 1.55004e-07 1.53905e-07 1.09923e-09
2.77778 4.11111 7.812e-08 7.78469e-08 2.7312e-10
2.77778 4.55556 3.8523e-08 3.84584e-08 6.45421e-11
2.77778 5 1.91775e-08 1.91631e-08 1.43553e-11
3.22222 1 4.02358e-07 3.77082e-07 2.52757e-08
3.22222 1.44444 5.10622e-07 4.85743e-07 2.48785e-08
3.22222 1.88889 4.70653e-07 4.54484e-07 1.61692e-08
3.22222 2.33333 3.53907e-07 3.45973e-07 7.93421e-09
3.22222 2.77778 2.31512e-07 2.28341e-07 3.17189e-09
3.22222 3.22222 1.38839e-07 1.37764e-07 1.07552e-09
3.22222 3.66667 7.85446e-08 7.82213e-08 3.23247e-10
3.22222 4.11111 4.23414e-08 4.22524e-08 8.89626e-11
3.22222 4.55556 2.22656e-08 2.2243e-08 2.25893e-11
3.22222 5 1.14306e-08 1.14252e-08 5.44743e-12
3.66667 1 1.14108e-07 1.1064e-07 3.46844e-09
3.66667 1.44444 1.60791e-07 1.57014e-07 3.77656e-09
3.66667 1.88889 1.61372e-07 1.58633e-07 2.73873e-09
3.66667 2.33333 1.34863e-07 1.33332e-07 1.53003e-09
3.66667 2.77778 9.72559e-08 9.65779e-08 6.77948e-10
3.66667 3.22222 6.34371e-08 6.31811e-08 2.55943e-10
3.66667 3.66667 3.81347e-08 3.80499e-08 8.47887e-11
3.66667 4.11111 2.22648e-08 2.22391e-08 2.56657e-11
3.66667 4.55556 1.23047e-08 1.22975e-08 7.17659e-12
3.66667 5 6.77573e-09 6.77384e-09 1.88152e-12
4.11111 1 3.55734e-08 3.5085e-08 4.88383e-10
4.11111 1.44444 5.27146e-08 5.21388e-08 5.75751e-10
4.11111 1.88889 5.72032e-08 5.67448e-08 4.58344e-10
4.11111 2.33333 5.09956e-08 5.07175e-08 2.78118e-10
4.11111 2.77778 4.01506e-08 4.00119e-08 1.38702e-10
4.11111 3.22222 2.80213e-08 2.79635e-08 5.78475e-11
4.11111 3.66667 1.83508e-08 1.83294e-08 2.13989e-11
4.11111 4.11111 1.13919e-08 1.1385e-08 6.93059e-12
4.11111 4.55556 6.63263e-09 6.63055e-09 2.07836e-12
4.11111 5 3.82301e-09 3.82243e-09 5.8654e-13
4.55556 1 1.15473e-08 1.14775e-08 6.98209e-11
4.55556 1.44444 1.78599e-08 1.77719e-08 8.79913e-11
4.55556 1.88889 2.07477e-08 2.06724e-08 7.52981e-11
4.55556 2.33333 1.98677e-08 1.98175e-08 5.01492e-11
4.55556 2.77778 1.66401e-08 1.66128e-08 2.73089e-11
4.55556 3.22222 1.24215e-08 1.24091e-08 1.23816e-11
4.55556 3.66667 8.56992e-09 8.56509e-09 4.83074e-12
4.55556 4.11111 5.59098e-09 5.58922e-09 1.76289e-12
4.55556 4.55556 3.54759e-09 3.54702e-09 5.61628e-13
4.55556 5 2.0694e-09 2.06923e-09 1.69981e-13
5 1 3.96058e-09 3.95024e-09 1.03374e-11
5 1.44444 6.47586e-09 6.46243e-09 1.34286e-11
5 1.88889 7.84892e-09 7.83664e-09 1.22798e-11
5 2.33333 7.97196e-09 7.96321e-09 8.7464e-12
5 2.77778 6.81186e-09 6.8068e-09 5.06321e-12
5 3.22222 5.50482e-09 5.50228e-09 2.53532e-12
5 3.66667 3.98569e-09 3.9846e-09 1.08425e-12
5 4.11111 2.73573e-09 2.73531e-09 4.15505e-13
5 4.55556 1.76212e-09 1.76198e-09 1.45493e-13
5 5 1.12018e-09 1.12014e-09 4.74904e-14

1 0.000459947

1.44444 0.000116678

1.88889 3.02219e-05

2.33333 8.60333e-06

2.77778 2.68583e-06

3.22222 9.0499e-07

3.66667 3.24522e-07

4.11111 1.21943e-07

4.55556 4.75448e-08

5 1.92711e-08
