#1-Q [GeV] 2-qT[GeV] 3--dN/dqTdQdY [GeV-2] 4--dN_{PreEq}/dqTdQdY [GeV-2] 5--dN_{Hydro}/dqTdQdY [GeV-2]
1 1 0.0017541 0.000337345 0.00141675
1 1.44444 0.000627136 0.000209638 0.000417498
1 1.88889 0.00019987 0.000100321 9.95492e-05
1 2.33333 6.58377e-05 4.35134e-05 2.23243e-05
1 2.77778 2.27885e-05 1.79194e-05 4.86909e-06
1 3.22222 8.38329e-06 7.32513e-06 1.05816e-06
1 3.66667 3.24495e-06 3.01579e-06 2.29158e-07
1 4.11111 1.3201e-06 1.27061e-06 4.94899e-08
1 4.55556 5.56468e-07 5.45801e-07 1.06674e-08
1 5 2.44665e-07 2.42346e-07 2.31882e-09
1.44444 1 0.000378515 0.000123356 0.000255159
1.44444 1.44444 0.000215587 9.75133e-05 0.000118073
1.44444 1.88889 9.58473e-05 5.69771e-05 3.88703e-05
1.44444 2.33333 3.90548e-05 2.81573e-05 1.08976e-05
1.44444 2.77778 1.57812e-05 1.29892e-05 2.79197e-06
1.44444 3.22222 6.45202e-06 5.7713e-06 6.80714e-07
1.44444 3.66667 2.7314e-06 2.56963e-06 1.61766e-07
1.44444 4.11111 1.17339e-06 1.1356e-06 3.77813e-08
1.44444 4.55556 5.19091e-07 5.10466e-07 8.62531e-09
1.44444 5 2.36894e-07 2.3492e-07 1.9741e-09
1.88889 1 7.97461e-05 3.92178e-05 4.05283e-05
1.88889 1.44444 6.35192e-05 3.73583e-05 2.61609e-05
1.88889 1.88889 3.69586e-05 2.56747e-05 1.12839e-05
1.88889 2.33333 1.86745e-05 1.47531e-05 3.92142e-06
1.88889 2.77778 8.78106e-06 7.59054e-06 1.19051e-06
1.88889 3.22222 4.01813e-06 3.6878e-06 3.30329e-07
1.88889 3.66667 1.8537e-06 1.76762e-06 8.60781e-08
1.88889 4.11111 8.50648e-07 8.28756e-07 2.18917e-08
1.88889 4.55556 3.99682e-07 3.9432e-07 5.36279e-09
1.88889 5 1.89967e-07 1.88675e-07 1.29194e-09
2.33333 1 1.83079e-05 1.18778e-05 6.43009e-06
2.33333 1.44444 1.82924e-05 1.30769e-05 5.21552e-06
2.33333 1.88889 1.32171e-05 1.04125e-05 2.80455e-06
2.33333 2.33333 7.93827e-06 6.76889e-06 1.16938e-06
2.33333 2.77778 4.33178e-06 3.91806e-06 4.13719e-07
2.33333 3.22222 2.2284e-06 2.09736e-06 1.31038e-07
2.33333 3.66667 1.10927e-06 1.0715e-06 3.77671e-08
2.33333 4.11111 5.48687e-07 5.38171e-07 1.05161e-08
2.33333 4.55556 2.72902e-07 2.70107e-07 2.79473e-09
2.33333 5 1.35777e-07 1.35066e-07 7.11923e-10
2.77778 1 4.69507e-06 3.65022e-06 1.04485e-06
2.77778 1.44444 5.46686e-06 4.46962e-06 9.97241e-07
2.77778 1.88889 4.65669e-06 4.02444e-06 6.32259e-07
2.77778 2.33333 3.2202e-06 2.90942e-06 3.1078e-07
2.77778 2.77778 1.97815e-06 1.85236e-06 1.25791e-07
2.77778 3.22222 1.1369e-06 1.09213e-06 4.47709e-08
2.77778 3.66667 6.21959e-07 6.07395e-07 1.45639e-08
2.77778 4.11111 3.31001e-07 3.2663e-07 4.37094e-09
2.77778 4.55556 1.73599e-07 1.72342e-07 1.25674e-09
2.77778 5 9.12459e-08 9.09001e-08 3.45866e-10
3.22222 1 1.32113e-06 1.14713e-06 1.74003e-07
3.22222 1.44444 1.74555e-06 1.55729e-06 1.88253e-07
3.22222 1.88889 1.65287e-06 1.51668e-06 1.36196e-07
3.22222 2.33333 1.29034e-06 1.21444e-06 7.59013e-08
3.22222 2.77778 8.88299e-07 8.53176e-07 3.51225e-08
3.22222 3.22222 5.53923e-07 5.39948e-07 1.39744e-08
3.22222 3.66667 3.27777e-07 3.22788e-07 4.98876e-09
3.22222 4.11111 1.86949e-07 1.85311e-07 1.63842e-09
3.22222 4.55556 1.05425e-07 1.04921e-07 5.04767e-10
3.22222 5 5.76022e-08 5.74513e-08 1.50886e-10
3.66667 1 4.06759e-07 3.76271e-07 3.04878e-08
3.66667 1.44444 5.76578e-07 5.40985e-07 3.55927e-08
3.66667 1.88889 6.00459e-07 5.72023e-07 2.84364e-08
3.66667 2.33333 5.20873e-07 5.03272e-07 1.76012e-08
3.66667 2.77778 3.87957e-07 3.78982e-07 8.97554e-09
3.66667 3.22222 2.65821e-07 2.61809e-07 4.0116e-09
3.66667 3.66667 1.69535e-07 1.67992e-07 1.54259e-09
3.66667 4.11111 1.02379e-07 1.01823e-07 5.5557e-10
3.66667 4.55556 6.09297e-08 6.07429e-08 1.86819e-10
3.66667 5 3.5435e-08 3.53768e-08 5.82732e-11
4.11111 1 1.34066e-07 1.28662e-07 5.40363e-09
4.11111 1.44444 2.02774e-07 1.96115e-07 6.65895e-09
4.11111 1.88889 2.28205e-07 2.22338e-07 5.86691e-09
4.11111 2.33333 2.10977e-07 2.06982e-07 3.99469e-09
4.11111 2.77778 1.70738e-07 1.68497e-07 2.24085e-09
4.11111 3.22222 1.25795e-07 1.2471e-07 1.08538e-09
4.11111 3.66667 8.56584e-08 8.52008e-08 4.57599e-10
4.11111 4.11111 5.55189e-08 5.53427e-08 1.76227e-10
4.11111 4.55556 3.40686e-08 3.40051e-08 6.34348e-11
4.11111 5 2.04514e-08 2.04301e-08 2.12634e-11
4.55556 1 4.72554e-08 4.62798e-08 9.75539e-10
4.55556 1.44444 7.37572e-08 7.24751e-08 1.28215e-09
4.55556 1.88889 8.89012e-08 8.77122e-08 1.18901e-09
4.55556 2.33333 8.72459e-08 8.63707e-08 8.75248e-10
4.55556 2.77778 7.45847e-08 7.40566e-08 5.28076e-10
4.55556 3.22222 5.87867e-08 5.85148e-08 2.71928e-10
4.55556 3.66667 4.23864e-08 4.22594e-08 1.27081e-10
4.55556 4.11111 2.88512e-08 2.87979e-08 5.33392e-11
4.55556 4.55556 1.89155e-08 1.8895e-08 2.04437e-11
4.55556 5 1.19488e-08 1.19415e-08 7.251e-12
5 1 1.74127e-08 1.7234e-08 1.78757e-10
5 1.44444 2.8302e-08 2.80576e-08 2.44339e-10
5 1.88889 3.53095e-08 3.50665e-08 2.42954e-10
5 2.33333 3.62965e-08 3.61066e-08 1.89913e-10
5 2.77778 3.27486e-08 3.26261e-08 1.22527e-10
5 3.22222 2.6879e-08 2.681e-08 6.8912e-11
5 3.66667 2.10201e-08 2.09858e-08 3.43094e-11
5 4.11111 1.49241e-08 1.49091e-08 1.5025e-11
5 4.55556 1.02484e-08 1.02422e-08 6.12656e-12
5 5 6.78856e-09 6.78621e-09 2.3454e-12
