#1-Q [GeV] 2-qT[GeV] 3--dN/dqTdQdY [GeV-2] 4--dN_{PreEq}/dqTdQdY [GeV-2] 5--dN_{Hydro}/dqTdQdY [GeV-2]
1 1 0.00159012 0.000320473 0.00126965
1 1.44444 0.000562305 0.000196801 0.000365503
1 1.88889 0.000178882 9.26068e-05 8.62753e-05
1 2.33333 5.81732e-05 3.93225e-05 1.88508e-05
1 2.77778 2.00391e-05 1.60317e-05 4.0074e-06
1 3.22222 7.32335e-06 6.47203e-06 8.5132e-07
1 3.66667 2.82128e-06 2.64185e-06 1.79431e-07
1 4.11111 1.13667e-06 1.09887e-06 3.77985e-08
1 4.55556 4.76752e-07 4.68756e-07 7.99645e-09
1 5 2.06743e-07 2.05072e-07 1.67169e-09
1.44444 1 0.000339023 0.000115251 0.000223772
1.44444 1.44444 0.000191667 9.00035e-05 0.000101663
1.44444 1.88889 8.46537e-05 5.16202e-05 3.30335e-05
1.44444 2.33333 3.43455e-05 2.52945e-05 9.05104e-06
1.44444 2.77778 1.37569e-05 1.14908e-05 2.26608e-06
1.44444 3.22222 5.58985e-06 5.04797e-06 5.41878e-07
1.44444 3.66667 2.32988e-06 2.20538e-06 1.24502e-07
1.44444 4.11111 1.00273e-06 9.74266e-07 2.84612e-08
1.44444 4.55556 4.38225e-07 4.31884e-07 6.34143e-09
1.44444 5 1.96982e-07 1.95571e-07 1.41187e-09
1.88889 1 7.08382e-05 3.59854e-05 3.48528e-05
1.88889 1.44444 5.62333e-05 3.41732e-05 2.20601e-05
1.88889 1.88889 3.25802e-05 2.31309e-05 9.44926e-06
1.88889 2.33333 1.62112e-05 1.30133e-05 3.19781e-06
1.88889 2.77778 7.57833e-06 6.62971e-06 9.48615e-07
1.88889 3.22222 3.46961e-06 3.21201e-06 2.57599e-07
1.88889 3.66667 1.5863e-06 1.52e-06 6.63011e-08
1.88889 4.11111 7.24113e-07 7.07782e-07 1.63307e-08
1.88889 4.55556 3.35866e-07 3.31982e-07 3.88422e-09
1.88889 5 1.57763e-07 1.56841e-07 9.2207e-10
2.33333 1 1.61895e-05 1.07635e-05 5.42599e-06
2.33333 1.44444 1.61178e-05 1.17884e-05 4.32945e-06
2.33333 1.88889 1.14653e-05 9.17175e-06 2.29353e-06
2.33333 2.33333 6.88502e-06 5.95327e-06 9.31754e-07
2.33333 2.77778 3.70088e-06 3.37564e-06 3.25241e-07
2.33333 3.22222 1.89497e-06 1.79489e-06 1.00085e-07
2.33333 3.66667 9.47866e-07 9.19188e-07 2.86781e-08
2.33333 4.11111 4.65159e-07 4.57397e-07 7.76165e-09
2.33333 4.55556 2.29425e-07 2.27427e-07 1.99794e-09
2.33333 5 1.13307e-07 1.12799e-07 5.07653e-10
2.77778 1 4.1045e-06 3.24755e-06 8.56945e-07
2.77778 1.44444 4.79305e-06 3.99069e-06 8.02367e-07
2.77778 1.88889 4.03758e-06 3.53221e-06 5.05376e-07
2.77778 2.33333 2.78562e-06 2.54228e-06 2.43346e-07
2.77778 2.77778 1.71479e-06 1.61779e-06 9.69997e-08
2.77778 3.22222 9.66582e-07 9.3265e-07 3.39321e-08
2.77778 3.66667 5.23814e-07 5.13049e-07 1.07652e-08
2.77778 4.11111 2.78798e-07 2.75621e-07 3.17673e-09
2.77778 4.55556 1.46664e-07 1.45782e-07 8.81595e-10
2.77778 5 7.56742e-08 7.54343e-08 2.39879e-10
3.22222 1 1.15407e-06 1.01336e-06 1.40715e-07
3.22222 1.44444 1.49252e-06 1.34436e-06 1.48153e-07
3.22222 1.88889 1.41165e-06 1.30558e-06 1.06068e-07
3.22222 2.33333 1.11046e-06 1.05198e-06 5.84783e-08
3.22222 2.77778 7.59467e-07 7.33299e-07 2.61677e-08
3.22222 3.22222 4.6973e-07 4.59406e-07 1.03231e-08
3.22222 3.66667 2.77413e-07 2.73805e-07 3.60851e-09
3.22222 4.11111 1.56835e-07 1.55665e-07 1.16959e-09
3.22222 4.55556 8.70418e-08 8.66894e-08 3.5237e-10
3.22222 5 4.75252e-08 4.74239e-08 1.01335e-10
3.66667 1 3.49716e-07 3.25998e-07 2.37182e-08
3.66667 1.44444 4.9325e-07 4.66191e-07 2.70587e-08
3.66667 1.88889 5.12843e-07 4.91053e-07 2.17906e-08
3.66667 2.33333 4.38862e-07 4.25579e-07 1.32837e-08
3.66667 2.77778 3.31871e-07 3.25229e-07 6.6421e-09
3.66667 3.22222 2.23134e-07 2.20258e-07 2.87542e-09
3.66667 3.66667 1.4251e-07 1.41402e-07 1.10793e-09
3.66667 4.11111 8.66343e-08 8.62454e-08 3.88902e-10
3.66667 4.55556 5.04296e-08 5.03018e-08 1.27822e-10
3.66667 5 2.87868e-08 2.87473e-08 3.95116e-11
4.11111 1 1.15033e-07 1.1099e-07 4.04322e-09
4.11111 1.44444 1.72775e-07 1.67762e-07 5.01308e-09
4.11111 1.88889 1.9207e-07 1.87736e-07 4.33359e-09
4.11111 2.33333 1.76059e-07 1.73139e-07 2.92039e-09
4.11111 2.77778 1.42444e-07 1.40852e-07 1.59248e-09
4.11111 3.22222 1.04911e-07 1.04153e-07 7.58193e-10
4.11111 3.66667 7.12456e-08 7.0926e-08 3.19596e-10
4.11111 4.11111 4.55943e-08 4.54724e-08 1.21826e-10
4.11111 4.55556 2.82903e-08 2.82474e-08 4.28688e-11
4.11111 5 1.717e-08 1.71559e-08 1.40229e-11
4.55556 1 3.97722e-08 3.9066e-08 7.06175e-10
4.55556 1.44444 6.23432e-08 6.13988e-08 9.44402e-10
4.55556 1.88889 7.36296e-08 7.27712e-08 8.58389e-10
4.55556 2.33333 7.25401e-08 7.19165e-08 6.23571e-10
4.55556 2.77778 6.25206e-08 6.21448e-08 3.75799e-10
4.55556 3.22222 4.86254e-08 4.84352e-08 1.90274e-10
4.55556 3.66667 3.51247e-08 3.50378e-08 8.69183e-11
4.55556 4.11111 2.36358e-08 2.36002e-08 3.55644e-11
4.55556 4.55556 1.546e-08 1.54465e-08 1.35024e-11
4.55556 5 9.76881e-09 9.76407e-09 4.73276e-12
5 1 1.45512e-08 1.4422e-08 1.29267e-10
5 1.44444 2.36492e-08 2.34732e-08 1.76074e-10
5 1.88889 2.94218e-08 2.92504e-08 1.71412e-10
5 2.33333 3.02073e-08 3.00744e-08 1.32876e-10
5 2.77778 2.73868e-08 2.73016e-08 8.51905e-11
5 3.22222 2.25859e-08 2.2539e-08 4.69591e-11
5 3.66667 1.72619e-08 1.72392e-08 2.27056e-11
5 4.11111 1.21234e-08 1.21134e-08 1.00387e-11
5 4.55556 8.30884e-09 8.30488e-09 3.95442e-12
5 5 5.38854e-09 5.38705e-09 1.48506e-12
