#1-Q [GeV] 2-qT[GeV] 3--dN/dqTdQdY [GeV-2] 4--dN_{PreEq}/dqTdQdY [GeV-2] 5--dN_{Hydro}/dqTdQdY [GeV-2]
1 1 0.00148155 0.000310577 0.00117098
1 1.44444 0.00051934 0.000185741 0.000333598
1 1.88889 0.000164511 8.74087e-05 7.71019e-05
1 2.33333 5.3427e-05 3.68257e-05 1.66013e-05
1 2.77778 1.82657e-05 1.47787e-05 3.48698e-06
1 3.22222 6.65425e-06 5.93006e-06 7.24194e-07
1 3.66667 2.54557e-06 2.39545e-06 1.50119e-07
1 4.11111 1.0226e-06 9.91566e-07 3.10301e-08
1 4.55556 4.24699e-07 4.18297e-07 6.40183e-09
1 5 1.83612e-07 1.82281e-07 1.33109e-09
1.44444 1 0.000313175 0.000109712 0.000203464
1.44444 1.44444 0.000176922 8.53741e-05 9.15479e-05
1.44444 1.88889 7.75278e-05 4.82101e-05 2.93176e-05
1.44444 2.33333 3.13039e-05 2.33922e-05 7.91171e-06
1.44444 2.77778 1.25175e-05 1.05635e-05 1.95399e-06
1.44444 3.22222 5.07153e-06 4.6141e-06 4.57425e-07
1.44444 3.66667 2.1122e-06 2.00785e-06 1.04356e-07
1.44444 4.11111 8.95392e-07 8.72116e-07 2.32766e-08
1.44444 4.55556 3.91778e-07 3.86659e-07 5.11874e-09
1.44444 5 1.76429e-07 1.75321e-07 1.10784e-09
1.88889 1 6.48839e-05 3.38409e-05 3.1043e-05
1.88889 1.44444 5.13347e-05 3.17284e-05 1.96063e-05
1.88889 1.88889 2.96374e-05 2.13902e-05 8.24721e-06
1.88889 2.33333 1.47613e-05 1.19947e-05 2.76663e-06
1.88889 2.77778 6.85188e-06 6.04181e-06 8.10073e-07
1.88889 3.22222 3.11917e-06 2.90351e-06 2.15662e-07
1.88889 3.66667 1.40475e-06 1.3504e-06 5.43465e-08
1.88889 4.11111 6.46403e-07 6.33125e-07 1.32784e-08
1.88889 4.55556 2.99786e-07 2.96684e-07 3.10177e-09
1.88889 5 1.40418e-07 1.39709e-07 7.09176e-10
2.33333 1 1.48269e-05 1.00714e-05 4.75555e-06
2.33333 1.44444 1.46687e-05 1.09137e-05 3.75504e-06
2.33333 1.88889 1.04493e-05 8.48232e-06 1.96694e-06
2.33333 2.33333 6.2075e-06 5.40825e-06 7.9925e-07
2.33333 2.77778 3.36399e-06 3.0915e-06 2.72485e-07
2.33333 3.22222 1.7019e-06 1.61882e-06 8.30851e-08
2.33333 3.66667 8.46941e-07 8.23654e-07 2.32864e-08
2.33333 4.11111 4.15948e-07 4.09777e-07 6.17062e-09
2.33333 4.55556 2.02075e-07 2.00497e-07 1.57761e-09
2.33333 5 1.00303e-07 9.99187e-08 3.84278e-10
2.77778 1 3.72991e-06 2.99022e-06 7.39689e-07
2.77778 1.44444 4.31599e-06 3.6271e-06 6.88883e-07
2.77778 1.88889 3.63857e-06 3.21076e-06 4.27813e-07
2.77778 2.33333 2.50007e-06 2.29638e-06 2.03688e-07
2.77778 2.77778 1.51846e-06 1.43748e-06 8.0986e-08
2.77778 3.22222 8.65525e-07 8.37719e-07 2.78054e-08
2.77778 3.66667 4.70255e-07 4.61554e-07 8.70103e-09
2.77778 4.11111 2.47856e-07 2.45311e-07 2.54425e-09
2.77778 4.55556 1.27347e-07 1.26655e-07 6.92242e-10
2.77778 5 6.57158e-08 6.55325e-08 1.83275e-10
3.22222 1 1.04003e-06 9.20383e-07 1.19645e-07
3.22222 1.44444 1.34851e-06 1.2236e-06 1.24908e-07
3.22222 1.88889 1.2789e-06 1.18976e-06 8.91389e-08
3.22222 2.33333 9.89109e-07 9.40873e-07 4.82353e-08
3.22222 2.77778 6.78928e-07 6.57394e-07 2.15339e-08
3.22222 3.22222 4.18875e-07 4.10549e-07 8.32568e-09
3.22222 3.66667 2.45888e-07 2.43024e-07 2.86378e-09
3.22222 4.11111 1.38793e-07 1.37883e-07 9.09677e-10
3.22222 4.55556 7.69919e-08 7.67203e-08 2.716e-10
3.22222 5 4.15088e-08 4.14325e-08 7.62905e-11
3.66667 1 3.12032e-07 2.92485e-07 1.95469e-08
3.66667 1.44444 4.40231e-07 4.17678e-07 2.25533e-08
3.66667 1.88889 4.60829e-07 4.43038e-07 1.77912e-08
3.66667 2.33333 3.9302e-07 3.82255e-07 1.07654e-08
3.66667 2.77778 2.9301e-07 2.87668e-07 5.34275e-09
3.66667 3.22222 1.97984e-07 1.95676e-07 2.3081e-09
3.66667 3.66667 1.24189e-07 1.23315e-07 8.73491e-10
3.66667 4.11111 7.51256e-08 7.48216e-08 3.04045e-10
3.66667 4.55556 4.37302e-08 4.3633e-08 9.72189e-11
3.66667 5 2.46583e-08 2.46289e-08 2.94864e-11
4.11111 1 1.02682e-07 9.93614e-08 3.32061e-09
4.11111 1.44444 1.53218e-07 1.49138e-07 4.07971e-09
4.11111 1.88889 1.70344e-07 1.66821e-07 3.52266e-09
4.11111 2.33333 1.5668e-07 1.54361e-07 2.3199e-09
4.11111 2.77778 1.26532e-07 1.2525e-07 1.28186e-09
4.11111 3.22222 9.2316e-08 9.1721e-08 5.94989e-10
4.11111 3.66667 6.18772e-08 6.16306e-08 2.46569e-10
4.11111 4.11111 3.98722e-08 3.97796e-08 9.26055e-11
4.11111 4.55556 2.42225e-08 2.41904e-08 3.20568e-11
4.11111 5 1.45909e-08 1.45806e-08 1.03536e-11
4.55556 1 3.53112e-08 3.47411e-08 5.70079e-10
4.55556 1.44444 5.50129e-08 5.42699e-08 7.42957e-10
4.55556 1.88889 6.58969e-08 6.52132e-08 6.83692e-10
4.55556 2.33333 6.45027e-08 6.4016e-08 4.86716e-10
4.55556 2.77778 5.52559e-08 5.49616e-08 2.94349e-10
4.55556 3.22222 4.27288e-08 4.25811e-08 1.47638e-10
4.55556 3.66667 3.04524e-08 3.0386e-08 6.63625e-11
4.55556 4.11111 2.0596e-08 2.0569e-08 2.69218e-11
4.55556 4.55556 1.34608e-08 1.34508e-08 9.99942e-12
4.55556 5 8.26666e-09 8.26317e-09 3.49089e-12
5 1 1.27639e-08 1.26618e-08 1.02015e-10
5 1.44444 2.10752e-08 2.09387e-08 1.36507e-10
5 1.88889 2.59125e-08 2.57788e-08 1.33657e-10
5 2.33333 2.67045e-08 2.66014e-08 1.03138e-10
5 2.77778 2.39489e-08 2.38841e-08 6.47741e-11
5 3.22222 1.96324e-08 1.95969e-08 3.54852e-11
5 3.66667 1.47125e-08 1.46955e-08 1.70547e-11
5 4.11111 1.0658e-08 1.06505e-08 7.42141e-12
5 4.55556 7.21033e-09 7.2074e-09 2.92363e-12
5 5 4.71221e-09 4.71115e-09 1.06149e-12

1 0.000899171

1.44444 0.000248038

1.88889 6.92319e-05

2.33333 2.11134e-05

2.77778 6.99188e-06

3.22222 2.50301e-06

3.66667 9.45924e-07

4.11111 3.76934e-07

4.55556 1.56594e-07

5 6.69322e-08
