#1-Q [GeV] 2-qT[GeV] 3--dN/dqTdQdY [GeV-2] 4--dN_{PreEq}/dqTdQdY [GeV-2] 5--dN_{Hydro}/dqTdQdY [GeV-2]
1 1 0.0010476 0.000259211 0.000788388
1 1.44444 0.000358576 0.000147716 0.00021086
1 1.88889 0.000110018 6.49595e-05 4.50584e-05
1 2.33333 3.46542e-05 2.56691e-05 8.98514e-06
1 2.77778 1.16192e-05 9.87962e-06 1.73959e-06
1 3.22222 4.1109e-06 3.78362e-06 3.27279e-07
1 3.66667 1.53384e-06 1.47178e-06 6.20656e-08
1 4.11111 5.97939e-07 5.86354e-07 1.15842e-08
1 4.55556 2.39464e-07 2.37285e-07 2.17822e-09
1 5 1.01349e-07 1.00938e-07 4.1072e-10
1.44444 1 0.000212103 8.53764e-05 0.000126726
1.44444 1.44444 0.000117623 6.34928e-05 5.41304e-05
1.44444 1.88889 5.03832e-05 3.42322e-05 1.6151e-05
1.44444 2.33333 1.98583e-05 1.58111e-05 4.04719e-06
1.44444 2.77778 7.73097e-06 6.80998e-06 9.20991e-07
1.44444 3.22222 3.03844e-06 2.84051e-06 1.97923e-07
1.44444 3.66667 1.23056e-06 1.18921e-06 4.13528e-08
1.44444 4.11111 5.10764e-07 5.0246e-07 8.30431e-09
1.44444 4.55556 2.17509e-07 2.15836e-07 1.67288e-09
1.44444 5 9.43029e-08 9.39711e-08 3.31811e-10
1.88889 1 4.27837e-05 2.48049e-05 1.79787e-05
1.88889 1.44444 3.30611e-05 2.23292e-05 1.07319e-05
1.88889 1.88889 1.87087e-05 1.44421e-05 4.26656e-06
1.88889 2.33333 9.12531e-06 7.79854e-06 1.32678e-06
1.88889 2.77778 4.15184e-06 3.7923e-06 3.59543e-07
1.88889 3.22222 1.83765e-06 1.74936e-06 8.82803e-08
1.88889 3.66667 8.09804e-07 7.89338e-07 2.04666e-08
1.88889 4.11111 3.62928e-07 3.58412e-07 4.51553e-09
1.88889 4.55556 1.63167e-07 1.62184e-07 9.82572e-10
1.88889 5 7.44343e-08 7.42286e-08 2.05686e-10
2.33333 1 9.3331e-06 6.82841e-06 2.50469e-06
2.33333 1.44444 9.17816e-06 7.28214e-06 1.89602e-06
2.33333 1.88889 6.44115e-06 5.50062e-06 9.40533e-07
2.33333 2.33333 3.76018e-06 3.40353e-06 3.5665e-07
2.33333 2.77778 1.98396e-06 1.87007e-06 1.13889e-07
2.33333 3.22222 9.84082e-07 9.52184e-07 3.18978e-08
2.33333 3.66667 4.75572e-07 4.67185e-07 8.38772e-09
2.33333 4.11111 2.27585e-07 2.25562e-07 2.02302e-09
2.33333 4.55556 1.08975e-07 1.08509e-07 4.66145e-10
2.33333 5 5.15868e-08 5.1481e-08 1.05837e-10
2.77778 1 2.29066e-06 1.93403e-06 3.56633e-07
2.77778 1.44444 2.64494e-06 2.32262e-06 3.22329e-07
2.77778 1.88889 2.15987e-06 1.97165e-06 1.88216e-07
2.77778 2.33333 1.46953e-06 1.38468e-06 8.48587e-08
2.77778 2.77778 8.83238e-07 8.51938e-07 3.13003e-08
2.77778 3.22222 4.89027e-07 4.79035e-07 9.99154e-09
2.77778 3.66667 2.61422e-07 2.58529e-07 2.89282e-09
2.77778 4.11111 1.33221e-07 1.3244e-07 7.8107e-10
2.77778 4.55556 6.70349e-08 6.68379e-08 1.96981e-10
2.77778 5 3.37709e-08 3.3723e-08 4.79018e-11
3.22222 1 6.26109e-07 5.73864e-07 5.22447e-08
3.22222 1.44444 8.0048e-07 7.47056e-07 5.34241e-08
3.22222 1.88889 7.42202e-07 7.06112e-07 3.60895e-08
3.22222 2.33333 5.69658e-07 5.512e-07 1.8458e-08
3.22222 2.77778 3.81344e-07 3.73551e-07 7.79281e-09
3.22222 3.22222 2.32894e-07 2.30083e-07 2.81027e-09
3.22222 3.66667 1.32443e-07 1.31535e-07 9.08106e-10
3.22222 4.11111 7.3893e-08 7.36244e-08 2.6855e-10
3.22222 4.55556 3.96616e-08 3.95889e-08 7.26642e-11
3.22222 5 2.08841e-08 2.08655e-08 1.86144e-11
3.66667 1 1.83202e-07 1.75394e-07 7.8081e-09
3.66667 1.44444 2.55692e-07 2.46976e-07 8.71546e-09
3.66667 1.88889 2.60368e-07 2.53799e-07 6.56896e-09
3.66667 2.33333 2.2178e-07 2.17928e-07 3.85254e-09
3.66667 2.77778 1.6147e-07 1.59668e-07 1.80198e-09
3.66667 3.22222 1.07807e-07 1.07085e-07 7.21871e-10
3.66667 3.66667 6.62893e-08 6.60342e-08 2.55145e-10
3.66667 4.11111 3.91083e-08 3.90262e-08 8.20786e-11
3.66667 4.55556 2.22605e-08 2.22358e-08 2.4648e-11
3.66667 5 1.24411e-08 1.24342e-08 6.85797e-12
4.11111 1 5.79954e-08 5.678e-08 1.21542e-09
4.11111 1.44444 8.64703e-08 8.50306e-08 1.43971e-09
4.11111 1.88889 9.53264e-08 9.41338e-08 1.19256e-09
4.11111 2.33333 8.67192e-08 8.59608e-08 7.58301e-10
4.11111 2.77778 6.79262e-08 6.75356e-08 3.9058e-10
4.11111 3.22222 4.94907e-08 4.93174e-08 1.73292e-10
4.11111 3.66667 3.25251e-08 3.24577e-08 6.73483e-11
4.11111 4.11111 2.01276e-08 2.0104e-08 2.35228e-11
4.11111 4.55556 1.22689e-08 1.22612e-08 7.61992e-12
4.11111 5 7.1682e-09 7.16593e-09 2.2674e-12
4.55556 1 1.95258e-08 1.93365e-08 1.89251e-10
4.55556 1.44444 3.03801e-08 3.01392e-08 2.40902e-10
4.55556 1.88889 3.52342e-08 3.50218e-08 2.12409e-10
4.55556 2.33333 3.42435e-08 3.40966e-08 1.46897e-10
4.55556 2.77778 2.87638e-08 2.86807e-08 8.31008e-11
4.55556 3.22222 2.21117e-08 2.20725e-08 3.92074e-11
4.55556 3.66667 1.53227e-08 1.5306e-08 1.66891e-11
4.55556 4.11111 1.02857e-08 1.02794e-08 6.30364e-12
4.55556 4.55556 6.58949e-09 6.58732e-09 2.17106e-12
4.55556 5 4.00323e-09 4.00253e-09 7.00704e-13
5 1 6.82328e-09 6.79311e-09 3.01772e-11
5 1.44444 1.11194e-08 1.10798e-08 3.96129e-11
5 1.88889 1.35886e-08 1.35506e-08 3.79938e-11
5 2.33333 1.37902e-08 1.37623e-08 2.78911e-11
5 2.77778 1.24235e-08 1.24068e-08 1.6706e-11
5 3.22222 9.92844e-09 9.91972e-09 8.71654e-12
5 3.66667 7.39933e-09 7.39531e-09 4.01179e-12
5 4.11111 5.17164e-09 5.17006e-09 1.58583e-12
5 4.55556 3.45068e-09 3.45008e-09 5.94805e-13
5 5 2.20076e-09 2.20056e-09 2.07305e-13

1 0.00062762

1.44444 0.000165116

1.88889 4.44314e-05

2.33333 1.30177e-05

2.77778 4.17309e-06

3.22222 1.44783e-06

3.66667 5.32167e-07

4.11111 2.06407e-07

4.55556 8.25841e-08

5 3.43583e-08
