#1-Q [GeV] 2-qT[GeV] 3--dN/dqTdQdY [GeV-2] 4--dN_{PreEq}/dqTdQdY [GeV-2] 5--dN_{Hydro}/dqTdQdY [GeV-2]
1 1 0.00207671 0.000366526 0.00171019
1 1.44444 0.000752168 0.000233611 0.000518557
1 1.88889 0.000243706 0.000115559 0.000128147
1 2.33333 8.11978e-05 5.136e-05 2.98378e-05
1 2.77778 2.8411e-05 2.16051e-05 6.8059e-06
1 3.22222 1.06084e-05 9.0684e-06 1.54002e-06
1 3.66667 4.15241e-06 3.80312e-06 3.49289e-07
1 4.11111 1.71335e-06 1.63495e-06 7.83947e-08
1 4.55556 7.33946e-07 7.1614e-07 1.78057e-08
1 5 3.26828e-07 3.22823e-07 4.00566e-09
1.44444 1 0.000457277 0.000138147 0.00031913
1.44444 1.44444 0.00026331 0.000111785 0.000151525
1.44444 1.88889 0.000118258 6.64136e-05 5.18443e-05
1.44444 2.33333 4.88411e-05 3.38816e-05 1.49595e-05
1.44444 2.77778 1.99554e-05 1.59793e-05 3.97607e-06
1.44444 3.22222 8.27964e-06 7.26978e-06 1.00986e-06
1.44444 3.66667 3.50657e-06 3.25688e-06 2.49681e-07
1.44444 4.11111 1.53625e-06 1.47517e-06 6.10811e-08
1.44444 4.55556 6.92543e-07 6.77955e-07 1.45887e-08
1.44444 5 3.14369e-07 3.10921e-07 3.44846e-09
1.88889 1 9.83028e-05 4.53592e-05 5.29436e-05
1.88889 1.44444 7.86506e-05 4.39774e-05 3.46732e-05
1.88889 1.88889 4.62604e-05 3.07839e-05 1.54765e-05
1.88889 2.33333 2.35376e-05 1.80176e-05 5.51995e-06
1.88889 2.77778 1.11732e-05 9.44307e-06 1.73017e-06
1.88889 3.22222 5.22863e-06 4.7271e-06 5.01536e-07
1.88889 3.66667 2.4116e-06 2.27456e-06 1.37037e-07
1.88889 4.11111 1.13049e-06 1.09436e-06 3.61333e-08
1.88889 4.55556 5.34613e-07 5.25409e-07 9.20387e-09
1.88889 5 2.60695e-07 2.58362e-07 2.33291e-09
2.33333 1 2.28543e-05 1.41205e-05 8.73371e-06
2.33333 1.44444 2.3176e-05 1.59444e-05 7.23157e-06
2.33333 1.88889 1.68352e-05 1.2868e-05 3.9672e-06
2.33333 2.33333 1.01334e-05 8.42513e-06 1.70828e-06
2.33333 2.77778 5.56761e-06 4.94406e-06 6.23555e-07
2.33333 3.22222 2.91457e-06 2.70891e-06 2.05657e-07
2.33333 3.66667 1.47704e-06 1.41486e-06 6.21887e-08
2.33333 4.11111 7.3479e-07 7.17071e-07 1.7719e-08
2.33333 4.55556 3.7435e-07 3.69432e-07 4.91788e-09
2.33333 5 1.87988e-07 1.86672e-07 1.31564e-09
2.77778 1 5.94096e-06 4.45801e-06 1.48295e-06
2.77778 1.44444 6.98889e-06 5.56014e-06 1.42875e-06
2.77778 1.88889 5.94446e-06 5.01284e-06 9.31613e-07
2.77778 2.33333 4.14799e-06 3.68009e-06 4.67903e-07
2.77778 2.77778 2.59228e-06 2.39659e-06 1.9569e-07
2.77778 3.22222 1.50454e-06 1.43189e-06 7.26484e-08
2.77778 3.66667 8.33989e-07 8.09608e-07 2.43807e-08
2.77778 4.11111 4.46749e-07 4.39148e-07 7.6006e-09
2.77778 4.55556 2.37543e-07 2.35285e-07 2.25794e-09
2.77778 5 1.26484e-07 1.25844e-07 6.4025e-10
3.22222 1 1.69548e-06 1.43649e-06 2.58989e-07
3.22222 1.44444 2.22983e-06 1.94955e-06 2.80283e-07
3.22222 1.88889 2.14791e-06 1.94031e-06 2.07609e-07
3.22222 2.33333 1.69347e-06 1.57509e-06 1.18377e-07
3.22222 2.77778 1.17153e-06 1.1152e-06 5.63367e-08
3.22222 3.22222 7.40197e-07 7.17152e-07 2.30453e-08
3.22222 3.66667 4.45327e-07 4.3677e-07 8.55708e-09
3.22222 4.11111 2.58794e-07 2.55887e-07 2.90699e-09
3.22222 4.55556 1.44367e-07 1.43429e-07 9.38403e-10
3.22222 5 8.03725e-08 8.00849e-08 2.87602e-10
3.66667 1 5.30286e-07 4.83817e-07 4.64689e-08
3.66667 1.44444 7.51283e-07 6.96287e-07 5.49962e-08
3.66667 1.88889 7.92667e-07 7.47485e-07 4.51818e-08
3.66667 2.33333 6.9311e-07 6.6444e-07 2.86693e-08
3.66667 2.77778 5.20734e-07 5.05548e-07 1.51865e-08
3.66667 3.22222 3.57328e-07 3.50484e-07 6.84406e-09
3.66667 3.66667 2.29455e-07 2.26686e-07 2.76835e-09
3.66667 4.11111 1.39596e-07 1.38569e-07 1.02634e-09
3.66667 4.55556 8.44138e-08 8.40596e-08 3.5419e-10
3.66667 5 4.92436e-08 4.9128e-08 1.15584e-10
4.11111 1 1.77076e-07 1.68464e-07 8.61212e-09
4.11111 1.44444 2.66732e-07 2.55733e-07 1.09982e-08
4.11111 1.88889 3.01505e-07 2.91825e-07 9.67934e-09
4.11111 2.33333 2.80062e-07 2.73357e-07 6.70478e-09
4.11111 2.77778 2.3021e-07 2.26314e-07 3.89575e-09
4.11111 3.22222 1.69159e-07 1.67243e-07 1.91642e-09
4.11111 3.66667 1.17575e-07 1.16729e-07 8.45838e-10
4.11111 4.11111 7.59951e-08 7.56572e-08 3.37872e-10
4.11111 4.55556 4.77991e-08 4.76738e-08 1.25264e-10
4.11111 5 2.94601e-08 2.94163e-08 4.37579e-11
4.55556 1 6.30839e-08 6.14444e-08 1.63947e-09
4.55556 1.44444 9.95911e-08 9.74101e-08 2.18096e-09
4.55556 1.88889 1.20413e-07 1.18338e-07 2.07505e-09
4.55556 2.33333 1.18629e-07 1.17095e-07 1.53357e-09
4.55556 2.77778 1.01492e-07 1.00543e-07 9.48804e-10
4.55556 3.22222 8.05765e-08 8.00622e-08 5.14296e-10
4.55556 3.66667 5.86439e-08 5.83988e-08 2.45053e-10
4.55556 4.11111 4.04854e-08 4.03824e-08 1.03e-10
4.55556 4.55556 2.67349e-08 2.66939e-08 4.09672e-11
4.55556 5 1.73965e-08 1.73812e-08 1.52412e-11
5 1 2.34318e-08 2.31195e-08 3.12262e-10
5 1.44444 3.86913e-08 3.82524e-08 4.38954e-10
5 1.88889 4.77653e-08 4.73275e-08 4.37787e-10
5 2.33333 5.07322e-08 5.03821e-08 3.5013e-10
5 2.77778 4.58739e-08 4.56404e-08 2.33508e-10
5 3.22222 3.84713e-08 3.83393e-08 1.31937e-10
5 3.66667 2.93918e-08 2.93251e-08 6.66619e-11
5 4.11111 2.1264e-08 2.12331e-08 3.08807e-11
5 4.55556 1.47316e-08 1.47186e-08 1.30191e-11
5 5 9.71894e-09 9.71377e-09 5.16688e-12

1 0.00127989

1.44444 0.000368788

1.88889 0.000106996

2.33333 3.37021e-05

2.77778 1.15056e-05

3.22222 4.24291e-06

3.66667 1.65925e-06

4.11111 6.78229e-07

4.55556 2.90818e-07

5 1.28029e-07
